
bezier
100 250 100 100 400 100 400 250
###

bezier
100 250 100 400 400 400 400 250
bezier
101 251 101 399 401 399 399 249
bezier
102 252 102 398 402 398 398 248
bezier
103 253 103 397 403 397 397 247
bezier
104 254 104 396 404 396 396 246
bezier
105 255 105 395 405 395 395 245
bezier
106 256 106 394 406 394 394 244
bezier
107 257 107 393 407 393 393 243
bezier
108 258 108 392 408 392 392 242
bezier
109 259 109 391 409 391 391 241
bezier
110 260 110 390 410 390 390 240
bezier
111 261 111 389 411 389 389 239
bezier
112 262 112 388 412 388 388 238
bezier
113 263 113 387 413 387 387 237
bezier
114 264 114 386 414 386 386 236
bezier
115 265 115 385 415 385 385 235
bezier
116 266 116 384 416 384 384 234
line
100 250 100 395 250 100
line
100.5 251 100 394.5 251 100
line
101.0 252 100 394.0 252 100
line
101.5 253 100 393.5 253 100
line
102.0 254 100 393.0 254 100
line
102.5 255 100 392.5 255 100
line
103.0 256 100 392.0 256 100
line
103.5 257 100 391.5 257 100
line
104.0 258 100 391.0 258 100
line
104.5 259 100 390.5 259 100
line
105.0 260 100 390.0 260 100
line
105.5 261 100 389.5 261 100
line
106.0 262 100 389.0 262 100
line
106.5 263 100 388.5 263 100
line
107.0 264 100 388.0 264 100
line
107.5 265 100 387.5 265 100
line
108.0 266 100 387.0 266 100
line
108.5 267 100 386.5 267 100
line
109.0 268 100 386.0 268 100
line
109.5 269 100 385.5 269 100
line
110.0 270 100 385.0 270 100
line
110.5 271 100 384.5 271 100
line
111.0 272 100 384.0 272 100
line
111.5 273 100 383.5 273 100
line
112.0 274 100 383.0 274 100
line
112.5 275 100 382.5 275 100
line
113.0 276 100 382.0 276 100
line
113.5 277 100 381.5 277 100
line
114.0 278 100 381.0 278 100
line
114.5 279 100 380.5 279 100
line
115.0 280 100 380.0 280 100
line
115.5 281 100 379.5 281 100
line
116.0 282 100 379.0 282 100
line
116.5 283 100 378.5 283 100
line
117.0 284 100 378.0 284 100
line
117.5 285 100 377.5 285 100
line
118.0 286 100 377.0 286 100
line
118.5 287 100 376.5 287 100
line
119.0 288 100 376.0 288 100
line
119.5 289 100 375.5 289 100
line
120.0 290 100 375.0 290 100
line
120.5 291 100 374.5 291 100
line
121.0 292 100 374.0 292 100
line
121.5 293 100 373.5 293 100
line
122.0 294 100 373.0 294 100
line
122.5 295 100 372.5 295 100
line
123.0 296 100 372.0 296 100
line
123.5 297 100 371.5 297 100
line
124.0 298 100 371.0 298 100
line
124.5 299 100 370.5 299 100

(x0, y0, x1, y1, x2, y2, x3, y3)

#face
#circle
#250 250 0 40
#circle
#175 325 0 50
#circle
#325 325 0 50
#circle
#175 325 0 10
#circle
#325 325 0 10
##hermite
##150 150 350 150 -100 -100 100 150
#bezier
#200 250 150 50 300 250 300 250
#stuycs
#bezier
#46 494 7 488 47 455 10 450
#hermite
#77 492 73 455 3 32 -6 25
#bezier
#82 479 80 490 69 469 68 481
#bezier
#91 486 91 444 112 448 111 487
#bezier
#161 489 114 455 132 469 139 490
#bezier
#111 451 114 455 132 469 139 490
#hermite
#185 496 179 453 -105 -23 100 23
#hermite
#220 493 204 453 -112 -20 -125 -29
display
save
face.png
