
bezier
100 250 100 100 400 100 400 250
bezier
100 250 100 400 400 400 400 250
bezier
100 250 100 400 400 400 400 250
circle
250 250 0 240
circle
250 250 0 239
circle
250 250 0 238
circle
250 250 0 237
circle
250 250 0 236
circle
250 250 0 235
circle
250 250 0 234
circle
250 250 0 233
circle
250 250 0 232
circle
250 250 0 231
circle
250 250 0 230
circle
250 250 0 229
circle
250 250 0 228
circle
250 250 0 227
circle
250 250 0 226
circle
250 250 0 225
circle
250 250 0 224
circle
250 250 0 223
circle
250 250 0 222
circle
250 250 0 221
circle
250 250 0 220
circle
250 250 0 219
circle
250 250 0 218
circle
250 250 0 217
circle
250 250 0 216
circle
250 250 0 215
circle
250 250 0 214
circle
250 250 0 213
circle
250 250 0 212
circle
250 250 0 211
circle
250 250 0 210
circle
250 250 0 209
circle
250 250 0 208
circle
250 250 0 207
circle
250 250 0 206
circle
250 250 0 205
circle
250 250 0 204
circle
250 250 0 203
circle
250 250 0 202
circle
250 250 0 201
circle
250 250 0 200
circle
250 250 0 199
circle
250 250 0 198
circle
250 250 0 197
circle
250 250 0 196
circle
250 250 0 195
circle
250 250 0 194
circle
250 250 0 193
circle
250 250 0 192
circle
250 250 0 191
circle
250 250 0 190
circle
250 250 0 189
circle
250 250 0 188
circle
250 250 0 187
circle
250 250 0 186
circle
250 250 0 185
circle
250 250 0 184
circle
250 250 0 183
circle
250 250 0 182
circle
250 250 0 181
circle
250 250 0 180
circle
250 250 0 179
circle
250 250 0 178
circle
250 250 0 177
circle
250 250 0 176
circle
250 250 0 175
circle
250 250 0 174
circle
250 250 0 173
circle
250 250 0 172
circle
250 250 0 171
circle
250 250 0 170
circle
250 250 0 169
circle
250 250 0 168
circle
250 250 0 167
circle
250 250 0 166
circle
250 250 0 165
circle
250 250 0 164
circle
250 250 0 163
circle
250 250 0 162
circle
250 250 0 161
circle
250 250 0 160
circle
250 250 0 159
circle
250 250 0 158
circle
250 250 0 157
circle
250 250 0 156
circle
250 250 0 155
circle
250 250 0 154
circle
250 250 0 153
circle
250 250 0 152
circle
250 250 0 151
circle
250 250 0 150
circle
250 250 0 149
circle
250 250 0 148
circle
250 250 0 147
circle
250 250 0 146
circle
250 250 0 145
circle
250 250 0 144
circle
250 250 0 143
circle
250 250 0 142
circle
250 250 0 141
circle
250 250 0 140
circle
250 250 0 139
circle
250 250 0 138
circle
250 250 0 137
circle
250 250 0 136
circle
250 250 0 135
circle
250 250 0 134
circle
250 250 0 133
circle
250 250 0 132
circle
250 250 0 131
circle
250 250 0 130
circle
250 250 0 129
circle
250 250 0 128
circle
250 250 0 127
circle
250 250 0 126
circle
250 250 0 125
circle
250 250 0 124
circle
250 250 0 123
circle
250 250 0 122
circle
250 250 0 121
circle
250 250 0 120
circle
250 250 0 119
circle
250 250 0 118
circle
250 250 0 117
circle
250 250 0 116
circle
250 250 0 115
circle
250 250 0 114
circle
250 250 0 113
circle
250 250 0 112
circle
250 250 0 111
circle
250 250 0 110
circle
250 250 0 109
circle
250 250 0 108
circle
250 250 0 107
circle
250 250 0 106
circle
250 250 0 105
circle
250 250 0 104
circle
250 250 0 103
circle
250 250 0 102
circle
250 250 0 101
circle
250 250 0 100
circle
250 250 0 99
circle
250 250 0 98
circle
250 250 0 97
circle
250 250 0 96
circle
250 250 0 95
circle
250 250 0 94
circle
250 250 0 93
circle
250 250 0 92
circle
250 250 0 91
circle
250 250 0 90
circle
250 250 0 89
circle
250 250 0 88
circle
250 250 0 87
circle
250 250 0 86
circle
250 250 0 85
circle
250 250 0 84
circle
250 250 0 83
circle
250 250 0 82
circle
250 250 0 81
circle
250 250 0 80
circle
250 250 0 79
circle
250 250 0 78
circle
250 250 0 77
circle
250 250 0 76
circle
250 250 0 75
circle
250 250 0 74
circle
250 250 0 73
circle
250 250 0 72
circle
250 250 0 71
circle
250 250 0 70
circle
250 250 0 69
circle
250 250 0 68
circle
250 250 0 67
circle
250 250 0 66
circle
250 250 0 65
circle
250 250 0 64
circle
250 250 0 63
circle
250 250 0 62
circle
250 250 0 61
circle
250 250 0 60
circle
250 250 0 59
circle
250 250 0 58
circle
250 250 0 57
circle
250 250 0 56
circle
250 250 0 55
circle
250 250 0 54
circle
250 250 0 53
circle
250 250 0 52
circle
250 250 0 51
circle
250 250 0 50
circle
250 250 0 49
circle
250 250 0 48
circle
250 250 0 47
circle
250 250 0 46
circle
250 250 0 45
circle
250 250 0 44
circle
250 250 0 43
circle
250 250 0 42
circle
250 250 0 41
circle
250 250 0 40
circle
250 250 0 39
circle
250 250 0 38
circle
250 250 0 37
circle
250 250 0 36
circle
250 250 0 35
circle
250 250 0 34
circle
250 250 0 33
circle
250 250 0 32
circle
250 250 0 31
circle
250 250 0 30
circle
250 250 0 29
circle
250 250 0 28
circle
250 250 0 27
circle
250 250 0 26
circle
250 250 0 25
circle
250 250 0 24
circle
250 250 0 23
circle
250 250 0 22
circle
250 250 0 21
circle
250 250 0 20
circle
250 250 0 19
circle
250 250 0 18
circle
250 250 0 17
circle
250 250 0 16
circle
250 250 0 15
circle
250 250 0 14
circle
250 250 0 13
circle
250 250 0 12
circle
250 250 0 11
circle
250 250 0 10
circle
250 250 0 9
circle
250 250 0 8
circle
250 250 0 7
circle
250 250 0 6
circle
250 250 0 5
circle
250 250 0 4
circle
250 250 0 3
circle
250 250 0 2
circle
250 250 0 1
line
0 300 100 300 300 100


(x0, y0, x1, y1, x2, y2, x3, y3)

#face
#circle
#250 250 0 40
#circle
#175 325 0 50
#circle
#325 325 0 50
#circle
#175 325 0 10
#circle
#325 325 0 10
##hermite
##150 150 350 150 -100 -100 100 150
#bezier
#200 250 150 50 300 250 300 250
#stuycs
#bezier
#46 494 7 488 47 455 10 450
#hermite
#77 492 73 455 3 32 -6 25
#bezier
#82 479 80 490 69 469 68 481
#bezier
#91 486 91 444 112 448 111 487
#bezier
#161 489 114 455 132 469 139 490
#bezier
#111 451 114 455 132 469 139 490
#hermite
#185 496 179 453 -105 -23 100 23
#hermite
#220 493 204 453 -112 -20 -125 -29
display
save
face.png
